       293       602        18       471     91950      7740     79900      8100       922       934       954       938     99630       260       100        20       131       653       836       419       612       301        87       101       409       504        87       334       357        32       128       786        86       707       711        55   1877500   1912100   1916200   1878900   1870300     67000     35000     15000     56000     44000         0       216       955      L010  101 Zurich   Affoltern      
       334       712        19       454     92610      6680     82200     16200       968       960       967       964     99710       130        50        40       297       214       228       311       638       283        79        88       625       248       127        50        78        67       597       170       233        57        57       184   1874900   1901900   1914100   1884700   1905700     78000     22000     16000     97000      3000         0       259       974      L020  102 Zurich   Andelfingen    
       331       725        17       444     96240      2780     83500     11800       968       963       973       968     99820        70        70        10       324       441       595       379       610       312        78       128       560       346        94       173       196        40       477       402       120       308       308        88   1876500   1906800   1919800   1889400   1905400     70000     30000     13000     95000      5000         0       279       946      L030  103 Zurich   Bulaech        
       352       694        23       490     95590      3980     80900      8000       958       954       968       960     99530       190       260         0       290       317       482       330       705       242        54        75       665       237        98        66        97        54       584       228       189       137       141       157   1876100   1907100   1919900   1885800   1906200     74000     27000     18000     95000      5000         0       294      1000      L040  104 Zurich   Dielsdorf      
       292       586        11       489     89810      9580     78600     10500       936       961       960       954     99390       140       440        20       132       564       677       418       455       462        83       264       305       617        78       436       475        26        96       833        71       766       770        44   1874900   1901400   1919300   1884900   1860000     74000     26000     16000     23000     77000         0       305       930      L050  105 Zurich   Hinwil         
       268       611        17       422     88530     11180     79800     13900       945       945       950       947     98830       390       650        60       119       569       706       438       396       474       130       230       252       619       128       390       440        52        68       806       126       700       710        93   1876900   1907400   1918100   1882600   1872300     66000     35000     25000     90000     10000         0       271       906      L060  106 Zurich   Horgen         
       244       562        11       423     94030      5480     81300     16900       934       957       953       950     99030       320       470        20       128       627       803       433       525       343       132       121       341       521       137       324       348        51       101       755       145       636       646        98   1877100   1911500   1915800   1883300   1860000     70000     29000     24000     79000     21000         0       225       925      L070  107 Zurich   Meilen         
       283       578        11       480     97390      2520     82000     10200       944       959       977       963     99670        90       200        30       212       590       717       432       520       395        85       205       375       548        78       393       412        26       184       748        68       684       685        45   1875700   1905400   1921400   1901400   1860000     74000     26000     20000         0    100000         0       312       907      L080  108 Zurich   Pfaeffikon     
       265       577        11       449     94540      5220     80100     10300       968       962       962       963     99300       160       530        10       120       625       737       429       534       377        89       208       347       574        80       418       452        31        97       836        67       774       776        47   1875000   1904500   1920700   1903500   1860000     70000     30000     15000     87000     13000         0       305       920      L090  109 Zurich   Uster          
       313       668        16       456     89280     10170     82500     10400       970       967       974       970     98690       450       550        40       308       357       450       355       456       439       105       207       426       440       134       187       242        52       370       443       187       300       307       130   1876200   1907900   1917000   1882300   1882500     80000     20000     27000     81000     19000         0       249       971      L100  110 Zurich   Winterthur     
       281       617        53       405     76820     20720     81500     17100       944       953       952       950     96600      1260      1070       140       235       408       582       388       173       458       369       123       138       473       389       127       181       163        84       498       419       262       271       297   1875000   1904000   1919900   1885400   1874300     81000     19000     43000     99000      1000         0       302       932      L110  111 Zurich   Zurich         
       408       809        46       474     99400       360     78400     17800       831       905       923       891     99400       580        20         0       265       181       217       297       560       352        88       100       536       301       163        25        89        88       477       183       340        24        65       266   1880200   1913000   1917700   1903700   1914000     58000     42000      9000     36000     64000         0       222      1065      L010  201 Berne    Aarberg        
       392       760        51       481     98880       840     75400     16300       785       890       932       875     99720       230        40         0       282       258       226       324       440       459       102       193       414       418       168       125       168        81       360       333       306       114       118       221   1878800   1914300   1917900   1906300   1913500     81000     19000      8000     39000     61000         0       219       975      L020  202 Berne    Aarwangen      
       299       703        58       375     94310      4660     81300     29300       863       914       911       898     96450      2950       240        50       255       302       363       366       313       410       276        83       267       373       361        45        82       180       186       308       506        75        82       390   1875900   1905300   1917500   1902600   1904400     67000     33000     20000         0    100000         0       268       935      L030  203 Berne    Berne          
       337       703        29       457     84750     13430     81800     11700       959       956       953       955     71940     26980       950         0       266       297       307       348        74       669       257       395        66       621       313        36       372       135        50       531       419        57       329       287   1878900   1912300   1923000   1891100   1894800     70000     30000     17000     98000      2000         0       276       965      L040  204 Berne    Biel           
       407       759        55       499     98520      1380     70100     13200       837       959       948       922     98510      1350       140         0       350       153       156       314       488       395       117       121       515       320       165        24        99        94       575       156       270        18        49       212   1876400   1909600   1919400   1905600   1912100     64000     36000     20000    100000         0         0       250       999      L050  205 Berne    Bueren         
       366       771        40       446     98600      1010     76600     25800       750       883       892       847     99500       400        50         0       194       231       245       295       506       363       131       104       443       332       225        54        97       135       291       260       449        80        81       378   1875600   1915200   1921900   1904800   1913900     61000     38000     11000     10000     90000         0       235      1037      L060  206 Berne    Burgdorf       
       414       806        27       496     88400      9960     69500     11000       974       967       957       966     28410     70720       830        20       255       351       366       355       211       672       117       530       183       668       149         3       540        63       132       661       208         2       557       143   1882900   1913300   1923000   1895500   1905000     65000     35000     12000         0     96000      4000       258      1026      L070  207 Berne    Courtelary     
       336       890        27       358     13370     84840     85000     23200       960       992       986       983     25170     74360       420        30       267       345       449       324       588       293       118       113       543       303       155        73       138        62       447       322       231       177       192       156   1895200   1921000   1923800   1899500   1918800     40000     59000     10000     63000     37000         0       205      1031      L080  208 Berne    Delemont       
       358       678        32       505     99050       900     77400     16200       828       929       965       919     98240      1590       150         0       322       208       190       318       672       237        91        75       676       204       119        22        63        48       686       134       181        15        38       111   1882200   1921400   1923800   1913300   1914100     58000     42000      3000    100000         0         0       217      1041      L090  209 Berne    Erlach         
       392       885        29       424      6330     93400     77600     22100       984       967       961       970      5460     94290       250         0       321       250       237       312       385       508       108       405       390       466       145         4       365        79       401       373       227         9       277       193   1896000   1927100   1928200   1907400   1927100     44000     57000      5000      2000     61000     37000       207      1029      L100  210 Berne    Franches-Mnt   
       340       720        47       435     99230       620     79000     18300       726       880       898       848     99770       210        10        10       233       187       105       305       552       338       110        89       500       289       211        34        69       127       381       177       441        21        24       359   1895200   1925900   1923000   1911700   1915900     64000     36000     17000     39000     61000         0       142      1088      L110  211 Berne    Fraubrunnen    
       403       881        24       442     99810       160     76200     17000       929       963       952       950     99840       150        10         0       255       412       664       341       624       272       104        67       552       305       143        76       131        67       413       369       218       206       255       176   1876400   1922200   1922800   1902700   1921000     48000     52000      2000         0     85000     15000       206       983      L120  212 Berne    Frutigen       
       410       762        37       515     98710      1250     72700     13500       957       968       954       960     99440       270       160         0       245       296       521       283       452       279       269        38       429       284       287        39        56        92       370       297       332       103       104       243   1877100   1916800   1920200   1902600   1908200     51000     52000      6000         0     78000     22000       216      1014      L130  213 Berne    Interlaken     
       362       759        36       451     99610       190     74700     20800       806       860       914       862     99750       250         0         0       227       265       282       319       612       309        80        96       539       286       175        54        91       115       383       238       379        77        80       331   1876800   1913900   1915500   1911800   1920000     55000     45000      4000         0    100000         0       205      1029      L140  214 Berne    Konolfingen    
       341       910        30       353      7130     92430     88100     25500       981       988       980       984     98060      1700       220        20       238       365       557       326       371       435       194       137       329       462       210       162       208        82       240       517       243       355       355       177   1889100   1915600   1921000   1882000   1922300     49000     51000     23000     85000     15000         0       239       941      L150  215 Berne    Laufen         
       402       796        48       473     99260       590     75700     20500       782       866       883       847     99270       690        30         0       221       212       196       297       603       309        87        82       545       276       179        32        71       124       406       197       397        45        47       362   1879200   1911400   1918300   1904200   1913100     49000     51000      7000     25000     75000         0       225      1012      L160  216 Berne    Laupen         
       412       867        26       459     65190     33770     78500     17100       982       968       972       972     38090     61040       800        40       308       323       398       342       517       393        90       227       491       382       127        34       248        59       442       360       197        63       289       140   1894300   1921700   1922300   1903100   1914900     46000     54000      8000     13000     83000      4000       188       999      L170  217 Berne    Moutier        
       366       712        25       495     94460      5160     72900     13300       954       942       942       942     25730     72790      1100         0       165       192       103       258       517       373       110       148       459       342       199        10       122        94       294       254       452         5        49       315   1888700   1912500   1917300   1904700   1907300     70000     30000     11000     53000     47000         0       226       995      L180  218 Berne    Neuveville     
       424       831        34       489     96920      2930     77100     12500       926       940       963       943     93920      5820       250         0       247       239       313       294       548       358        93       145       514       333       154        37       149        76       432       270       298        49       159       222   1878700   1916200   1920000   1896800   1909100     54000     45000      6000     98000      2000         0       228      1035      L190  219 Berne    Nidau          
       339       741        38       427     98830      1150     78200     16600       937       946       955       946     99530       210       250         0       285       415       783       304       609       169       222        22       593       201       206        59        70        51       555       274       171       178       179       127   1877200   1920400   1907600   1903700   1910800     44000     56000      6000         0     69000     31000       165      1041      L200  220 Berne    Oberhasle      
       287       715        26       378      8580     90570     82900     25800       955       968       977       968      7090     92340       520        10       311       274       309       316       428       420       151       236       425       396       179        11       234        57       419       343       238         8       228       142   1893700   1918500   1927500   1906500   1909800     40000     60000      7000     76000     24000         0       240      1061      L210  221 Berne    Porrentruy     
       372       734        32       484     99270       310     73700     12300       964       978       964       970     99270       730         0         0       225       313       482       303       709       206        85        35       638       209       154        24        48        88       473       216       311        76        76       257   1877800   1920000   1920700   1912000   1917900     57000     43000      5000         0         0    100000       204      1059      L220  222 Berne    Saanan         
       461       826        74       514     99830       150     70900     19800       821       860       899       862     99950        50         0         0       284       282       444       335       685       249        66        45       636       230       134        27        54        78       539       194       268        69        71       216   1877800   1926400   1929000   1919400   1933000     32000     68000      1000         0     75000     25000       211       993      L230  223 Berne    Schwarznburg   
       385       796        49       450     99720       190     77200     21100       806       894       922       881     99730       240        30         0       264       219       299       308       667       264        70        61       627       234       139        30        60        87       538       167       296        57        58       253   1879100   1919800   1920400   1911900   1922200     53000     48000      5000         0    100000         0       203       995      L240  224 Berne    Seftigen       
       383       784        45       457     99680       190     75000     18400       791       885       934       871     99800       160        30         0       234       290       370       316       619       293        88        82       553       282       166        53        89        99       409       258       333       102       104       280   1882000   1921300   1918300   1914800   1925300     69000     31000      2000         0    100000         0       186      1048      L250  225 Berne    Signau         
       369       786        37       442     99600       200     78400     17500       911       940       950       935     99610       290         0         0       279       269       486       319       627       268       106        51       591       249       159        43        68        77       516       210       273       102       103       210   1876800   1917600   1912700   1901700   1910100     48000     52000      3000         0    100000         0       182       976      L260  226 Berne    N. Simmental   
       385       767        52       465     99530       450     80500     19700       947       947       950       948     99670       290        40         0       243       328       587       292       695       202       102        31       650       213       137        35        53        60       541       239       220       104       107       170   1880300   1930000   1922700   1903300   1912400     53000     47000      3000         0     53000     47000       160       993      L270  227 Berne    O. Simmental   
       368       781        43       441     98600      1280     76700     16600       892       948       947       932     99060       510       310         0       277       204       194       311       514       348       137        74       490       301       209        22        63       108       436       197       367        38        39       279   1877700   1919700   1921400   1906300   1914200     60000     40000      9000         0     89000     11000       206       993      L280  228 Berne    Thun           
       407       824        49       462     99600       200     76200     15100       790       875       918       865     99870       120        10         0       227       277       250       312       515       399        86       186       458       379       163       127       171       102       333       336       331       134       136       273   1878400   1916800   1917900   1903100   1919800     68000     33000      4000         0    100000         0       206      1016      L290  229 Berne    Trachselwald   
       435       837        51       488     98920       870     74700     16800       800       871       907       863     99520       450        20         0       278       243       309       305       444       435       121       144       427       399       174        94       144        93       388       317       296       141       146       240   1884400   1918700   1917300   1895300   1914700     80000     20000      5000     89000     11000         0       192       985      L300  230 Berne    Wangen         
       308       853        41       330      3910     96070     84400     40700       953       965       973       963     99780       120       100         0       250       583       639       385       734       176        90        32       602       260       138        40        54        82       392       394       215        89        89       187   1880200   1923600   1923300   1935000   1946000     58000     42000      7000         0    100000         0       199       950      L010  301 Lucerne  Entelbuch      
       297       849        35       322      1370     98560     86400     33200       977       970       982       976     99810        60       120        10       212       431       460       359       656       251        93        59       534       283       184        46        70       114       315       340       345        89        90       280   1874100   1897300   1918600   1878500   1925900     80000     20000     22000     58000     42000         0       280      1055      L020  302 Lucerne  Hochdorf       
       274       736        33       343      8550     90910     84300     37800       957       966       959       962     97880       840      1030        30       205       314       442       343       410       376       214        66       339       360       301        47        77       152       203       330       468        99       100       375   1876600   1913800   1919600   1878200   1885100     80000     20000     22000     80000     20000         0       230       998      L030  303 Lucerne  Luzern         
       300       898        51       295      2190     97710     87700     42400       981       974       959       970     99900        30        40        10       256       399       508       362       654       258        88        74       561       274       165        74        96       100       396       302       302       133       135       255   1877200   1913400   1918400   1902000   1940000     66000     34000     10000         0    100000         0       219      1022      L040  304 Lucerne  Sursee         
       289       884        57       280      8410     91540     89000     45200       935       961       961       955     99810       130        40        20       255       408       523       374       668       249        83        81       562       264       174        83       106       117       384       288       328       146       148       289   1877200   1917300   1924200   1911000   1940000     62000     38000      7000     26000     74000         0       231       997      L050  305 Lucerne  Willisau       
       388      1034        14       366      2120     97830     82200     36900       979       989       977       983     98710       120      1070        90       291       421       705       370       660       190       149        28       587       207       206        47        59        80       463       236       301       112       113       186   1886000   1922500   1925400   1907900   1933000     38000     62000     12000     43000     46000     11000       214       941      L000  401 Uri      Uri            
       440       967        24       442       750     99250     77400     29400       958       979       963       969     98990       460       390       160       195       472       788       366       472       336       193        53       371       404       225       145       160        80       198       521       281       341       344       170   1874000   1910600   1926900   1876300   1916900     61000     39000     16000         0    100000         0       325       952      L010  501 Schwyz   Einsiedeln     
       310       898         6       341      2110     97830     79300     34600       987       989       965       980     98650       760       430       110       165       496       692       407       409       468       124       184       290       550       160       337       354        84       117       671       212       602       602       172   1874900   1917700   1929500   1884400   1940000     39000     61000         0    100000         0         0       288       859      L020  502 Schwyz   Gersau         
       289       658        18       424      5200     94780     81500     13500       976       978       981       979     99130        20       660       190       127       614       744       362       663       240        97       110       484       397       119       239       273        48       169       672       159       537       560       114   1877700   1905300   1919400   1918700   1917500     50000     50000      9000     42000     58000         0       302       990      L030  503 Schwyz   Hoefe          
       377       838        31       429      1740     98190     78500     26200       964       950       929       948     99860       100        30         0       136       344       626       284       598       301       101        49       496       328       176        64        93       101       239       397       364       203       206       322   1874900   1914900   1917700   1877300   1917200     57000     43000     27000    100000         0         0       223      1116      L040  504 Schwyz   Kuessnacht     
       364       791        29       440      3080     96910     81300     22100       975       969       954       964     99350        50       510        70       217       498       717       347       651       233       115        69       543       303       153       147       160        59       340       435       225       330       330       148   1888800   1916200   1919600   1885500   1913300     41000     59000      9000     90000     10000         0       226       951      L050  505 Schwyz   March          
       359       856        16       409      1290     98700     80100     29800       984       969       965       971     98350       440      1050       110       218       509       790       366       618       242       140        47       500       313       187       119       140        79       298       434       268       300       303       182   1879100   1918400   1919000   1883800   1919200     44000     56000     24000     32000     58000     10000       203       978      L060  506 Schwyz   Schwyz         
       305       908        17       324      2230     97760     89900     32000       993       987       986       988     97730       200      1990        50       258       510       797       388       665       211       124        29       548       264       189        75        88        96       364       346       290       180       180       220   1874800   1906500   1907200   1881100   1929500     61000     39000     15000     49000     38000     13000       202       952      L000  601 Schwyz   Obwalden       
       323       863        17       361       890     99090     83500     38900       963       962       946       957     96630       110      3210        20       214       446       729       368       606       267       126        53       488       305       207       102       124        86       285       371       345       244       245       220   1875900   1906100   1910000   1885500   1946000     49000     51000      8000     69000     31000         0       218       923      L000  701 Schwyz   Nidwalden      
       332       594        10       552     76720     23070     61000     11400       978       969       969       972     98920       150       610       280       101       486       583       397       260       555       186       323       174       650       176       282       468        63        44       796       160       459       687        88   1876000   1908500   1919700   1879900   1860000     56000     44000     16000     55000     45000         0       268       911      L000  801 Schwyz   Glarus         
       275       735        15       361      5960     93910     83800     27800       972       976       965       971     98780       540       520        70       171       492       672       388       509       371       120       139       376       446       178       235       259        85       165       565       269       447       448       189   1874200   1896400   1917100   1882000   1909700     71000     29000     15000     69000     31000         0       301       979      L000  901 Schwyz   Zug            
       366       860        52       388      7130     92850     78600     29600       870       925       949       921      6590     93250       150         0       296       319       406       338       733       180        87        38       690       175       135        23        43        62       605       165       230        43        51       161   1898800   1928400   1935000   1914100   1940000     59000     39000     10000     53000     47000         0       210       997      L011 1001 Fribourg Broye          
       327       836        35       364      2740     97160     85900     30800       927       949       966       950      2950     96800       240         0       267       333       292       330       740       159       101        27       677       160       163         8        26        90       549       161       290        17        23       245   1884600   1925400   1935000   1921000   1940000     48000     52000      8000         0    100000         0       284      1019      L021 1002 Fribourg Glane          
       337       847        31       375      2190     97670     82800     32500       923       954       936       940      6920     92450       610         0       265       489       351       370       665       223       112        43       570       275       155        17        42        65       408       363       228        34        39       157   1876600   1916100   1929400   1910200   1927600     43000     57000      7000         0     96000      4000       289       976      L031 1003 Fribourg Gruyere        
       287       807        33       328      8350     91380     86900     33500       851       889       917       891     22680     76890       360        20       252       364       272       356       555       272       173        51       478       275       247        17        45       111       338       281       381        32        34       266   1884300   1920400   1928100   1910200   1926100     56000     44000     18000         0    100000         0       279       962      L041 1004 Fribourg Sarine         
       348       749        36       438     74020     25770     76800     25700       833       924       935       905     70740     29100        70         0       275       248       225       312       664       247        89        99       631       226       144        16        88        69       557       179       264        17        64       197   1879600   1914500   1925100   1914500   1922400     54000     46000      8000     54000     46000         0       273      1035      L051 1005 Fribourg See            
       316       862        23       349     18470     81510     86600     31300       876       902       919       902     95540      4410        30        20       297       392       488       377       783       168        49        28       694       173       134        19        34       103       547       180       274        43        44       253   1878200   1921400   1928100   1918000   1940000     42000     54000      5000         0    100000         0       242       986      L061 1006 Fribourg Sense          
       351       882        26       379      1350     98610     87600     23900       890       969       922       934      1300     98230       460         0       259       316       250       304       722       185        93        26       678       189       134         8        24        74       577       196       227        19        20       194   1888600   1922500   1935000   1923500   1940000     42000     58000      5000         0    100000         0       270      1006      L071 1007 Fribourg Veveyse        
       412       900        49       426      9510     90470     84300     16700       963       955       961       959     99290       680        20         0       245       321       402       326       541       370        89       114       483       368       150        87       129        83       363       362       275       154       158       225   1879100   1912700   1920400   1904300   1921200     65000     36000     11000     56000     44000         0       252       971      L011 1101 Solothrn Balsthal-Gau   
       354       721        53       450     55860     44030     76300     18900       860       905       939       905     99180       710       100        10       284       284       370       335       536       364       100       122       498       338       164        75       129       100       422       286       292       121       142       235   1880300   1916300   1924200   1912300   1915900     70000     30000     14000     74000     26000         0       241      1012      L021 1103 Solothrn Bucheggberg    
       376       850        34       419      4130     95830     83200     17800       956       973       979       972     99460       520        20         0       227       399       661       319       505       356       139        90       445       403       152       156       181        78       317       504       180       374       375       136   1883000   1914300   1920900   1905100   1924000     61000     39000     18000     58000     42000         0       246      1000      L031 1104 Solothrn Dorneck        
       353       819        39       402     17440     82200     85500     23000       961       977       978       974     99500       320       160         0       282       296       408       315       385       464       151       157       368       451       181       129       182        68       329       425       246       234       235       185   1875400   1902100   1913000   1885900   1885900     76000     24000     23000     92000      8000         0       258       960      L041 1105 Solothrn Goesgen        
       319       783        42       374     30330     68940     85000     34600       942       948       962       951     95190      4160       410         0       259       272       331       345       302       512       186       161       267       461       272        31       158       127       201       363       436        39       151       321   1888300   1919400   1921300   1896700   1907400     77000     23000     31000     83000     17000         0       209       965      L051 1109 Solothrn Solothurn      
       239       667        34       324     67340     30530     86800     31200       960       971       956       964     96360      2860       440        80       105       461       592       435        46       514       440       174        29       539       432       186       241       184         7       570       423       322       328       332   1879700   1908100   1916400   1885000   1885100     83000     18000     55000    100000         0         0       242       809      L011 1201 B. Stadt Basel-Stadt    
       372       833        24       430     78020     20810     81700     24100       962       992      1000       987     97660      1090      1040        30       219       346       492       333       414       346       240        69       354       353       293        57        91       192       233       367       400       116       134       320   1875600   1901200   1918000   1877900   1903000     79000     21000     11000    100000         0         0       320      1017      L021 1202 B. Stadt Basel-Land     
       395       881        44       419     51360     48280     83000     16000       984       966       966       970     98790       870       320        10       235       424       614       354       414       442       145       160       349       496       155       234       268        54       231       594       175       463       465       112   1878500   1906100   1920300   1886900   1908700     65000     35000     18000    100000         0         0       313       961      L011 1301 Basellnd Arlesheim      
       318       826        32       360     89400      9230     86100     22600       968       974       958       967     99380       380       180        10       217       460       575       394       383       484       133       257       297       543       161       336       367        68       164       633       203       537       537       138   1875000   1901500   1921900   1897000   1913000     73000     27000     19000     99000      1000         0       326       917      L021 1302 Basellnd Liestal        
       352       766        21       444     94990      4810     83300     15800       951       963       973       962     99660       240        80        10       174       506       585       402       442       477        81       311       320       577       103       426       448        43       139       727       134       651       652        92   1876700   1907000   1918100   1899100   1906500     74000     27000      8000     66000     34000         0       252       986      L031 1303 Basellnd Sissach        
       379       875        33       411     97510      2400     82800     18800       938       965       955       954     99750       190        50        10       129       505       562       412       393       538        69       394       266       639        96       503       529        51        83       783       134       712       722       104   1878500   1909300   1918900   1889000   1910800     66000     34000      7000     32000     68000         0       255       977      L041 1304 Basellnd Waldenburg     
       397       761        27       503     96650      3090     73700     11900       984       958       967       967     99860       110         0         0       314       156       155       308       597       313        90        88       603       257       140        38        72        69       616       130       254        35        36       204   1874800   1907300   1920100   1893200   1908800     83000     17000     16000    100000         0         0       292       901      L011 1401 Schfhaus Klettgau,Obr   
       428       827        43       491     96730      3220     74700     11200       984       982       978       981     99770       160        50        20       317       184        92       336       588       307       104        74       572       250       178        20        54        90       540       137       323        13        15       246   1875100   1910200   1924300   1879200   1897900     76000     24000     16000    100000         0         0       279       867      L021 1402 Schfhaus Klettgau,Unt   
       351       780        22       433     96400      3090     83000     15400       991       985       963       977     99950        50         0         0       330       181       108       326       638       270        92        76       641       222       137        31        57        57       647       123       229        19        19       168   1877000   1916700   1923000   1888700   1911000     63000     36000      6000     65000     35000         0       244       955      L031 1403 Schfhaus Reiath         
       316       721        37       407     81150     18160     82500     18300       975       969       955       966     98950       590       240        30       284       230       235       333       282       517       201       197       263       448       290        75       171       119       224       310       466       117       121       310   1875500   1905100   1919400   1890700   1903100     77000     23000     30000     92000      8000         0       289       915      L041 1404 Schfhaus Schaffhausen   
       379       749        66       459     96780      3090     83800     10400      1000       962       978       976     98960       220       770         0       357       188       324       328       541       364        94       103       566       302       132        72       102        53       617       173       210       101       101       138   1876900   1903300   1912200   1903200   1907800     84000     16000      6000     56000     44000         0       255       903      L051 1405 Schfhaus Schleitheim    
       315       721        17       423     71200     28290     85300     21700      1000       986       968       982     99390       510        60         0       307       276       241       358       411       453       136       119       380       401       218        51       100        91       326       309       366        67        67       227   1875000   1902800   1916700   1882100   1891600     70000     30000     22000    100000         0         0       274       909      L061 1406 Schfhaus Stein          
       349       633        18       538     90270      9560     70500     11600       981       966       947       963     99180       210       510        40       111       488       549       410       276       613       111       408       183       707       109       449       534        29        50       843       108       653       717        58   1875700   1901700   1921800   1899000   1893300     63000     37000     11000         0    100000         0       358       979      L011 1501 App Ar   Hinterland     
       353       696        33       483     92370      7280     77300     18200       969       972       967       970     99640        40       240        50        69       492       529       416       264       627       109       442       165       721       113       521       548        43        27       854       119       692       698        81   1877800   1910500   1926300   1901300   1905100     74000     26000     12000         0    100000         0       303       971      L021 1503 App Ar   Vorderland     
       405       782        16       508      5220     94760     67000     20700       935       937       945       939     99700        60       220        20        34       718       848       481       589       320        91       133       316       589        95       444       452        24        22       878       100       795       796        34   1875800   1906800   1930000   1922200   1936000     22000     78000      2000         0    100000         0       391       921      L001 1601 App Ir   Innerrhoden    
       388       789        20       478      2660     97300     74100     18800       974       984       987       982     99650         0        80       260       150       556       816       366       622       267       111        58       464       381       155       188       199        52       190       579       231       442       442       135   1875300   1903800   1914400   1918200   1940000     56000     44000     11000     76000     24000         0       249       969      L011 1701 St Gall  Gaster         
       340       748        19       441     23820     75650     82700     13100       988       990       987       989     99120       130       620       120       211       377       485       339       414       480       106       253       347       509       144       270       325        69       216       565       219       440       465       163   1877000   1908100   1926800   1896600   1907800     75000     25000      9000         0    100000         0       340       995      L021 1702 St Gall  Gossau         
       269       572        17       453     32050     67920     77400     20800       983       979       977       979     99490       100       310        80       217       525       741       376       598       297       105        98       476       391       133       218       236        38       275       546       179       465       466        84   1877700   1908400   1926400   1925000   1907000     60000     40000      7000     95000      5000         0       313       949      L031 1703 St Gall  Rheinthal,Ob   
       403       803        22       488     55290     44550     71100     24800       980       984       977       981     99590       120       170       100       192       441       685       322       589       305       106        87       494       370       136       161       187        56       294       507       199       398       398       143   1879900   1914900   1925700   1892200   1914400     69000     31000     10000    100000         0         0       287       964      L041 1704 St Gall  Rheinthal,Un   
       299       717        17       403     23500     76120     82400     25500       977       978       989       982     97990       390      1210       130       225       329       471       328       410       417       173       136       355       418       227       122       172        91       244       419       337       231       248       235   1874900   1911500   1926000   1902200   1906900     76000     24000     23000     61000     39000         0       321      1014      L051 1705 St Gall  Rorschach      
       223       582        42       336     56630     41550     84900     29800       965       957       954       958     97410       760       980       310       116       373       483       406        48       547       405       168        32       519       449       126       193       174         9       476       515       201       229       365   1876000   1905200   1921400   1890100   1860000     88000     12000     53000         0    100000         0       326       856      L061 1706 St Gall  St Gallen      
       291       728        17       385      9050     90820     83100     25000       952       959       967       960     97600       150      1580       650       313       418       616       370       591       285       124        85       542       309       150       123       140        59       458       349       193       231       233       124   1880000   1917800   1920500   1885200   1922900     66000     34000     11000     33000     67000         0       216       974      L071 1707 St Gall  Sargans        
       301       648        11       456     13020     86600     77800     17200       959       968       960       963     99140       220       460       120       175       412       578       331       477       368       155       144       387       419       194       187       228        76       204       522       273       395       399       187   1875700   1907000   1922500   1913700   1909400     64000     36000     23000     74000     26000         0       287       951      L081 1708 St Gall  Seebezirk      
       299       663        26       429     29050     70810     81500     22200       989       978       969       978     97640       130      1950       100       177       364       465       334       364       508       128       240       294       531       174       245       299        68       156       578       266       403       416       175   1875500   1905900   1930000   1906600   1906100     68000     32000     17000      7000     93000         0       391       982      L091 1709 St Gall  Tablat         
       311       713        10       428     15130     84860     83700     15700       982       985       974       979     99850        30       100        10       174       456       541       361       445       476        79       306       344       560        95       400       426        42       166       709       125       638       638        96   1875500   1906700   1925700   1930000   1940000     64000     37000     10000         0    100000         0       292       961      L101 1710 St Gall  Toggnbrg,Alt   
       302       584        24       496     73840     26080     74600     14500       983       967       971       972     99420       180       260       110       120       496       584       396       354       520       126       301       243       623       134       408       438        44        73       780       146       642       646        82   1874700   1910300   1924500   1919800   1860000     76000     24000     10000         0    100000         0       314       986      L111 1711 St Gall  Toggnbrg,Neu   
       348       662        21       510     75950     24010     79400     10700       969       972       967       969     99620        40       300        30        89       588       693       419       492       427        81       237       314       601        85       427       447        29        67       844        89       739       739        52   1875000   1905000   1921000   1886800   1885700     69000     31000     10000         0     90000     10000       266       937      L121 1712 St Gall  Toggnbrg,Obr   
       312       630        15       483     57910     41910     78000     13200       986       979       983       982     99590        90       220        40       154       426       488       369       305       594       100       405       228       653       119       461       500        47        95       754       151       656       662        95   1875700   1909400   1924300   1886400   1877800     73000     27000     14000         0    100000         0       299       996      L131 1713 St Gall  Toggnbrg,Unt   
       304       677        15       437     85230     14640     76200     22100       955       986       976       974     99320       110       310       240       286       467       741       359       676       244        80        57       607       293       100       125       140        38       483       380       136       288       289        84   1893700   1922800   1913600   1904200   1905800     64000     36000     13000     82000     18000         0       154       961      L141 1714 St Gall  Werdenberg     
       258       691        14       360     12670     87220     92200     16700       973       968       979       973     99560        70       290        60       222       329       411       317       416       459       125       237       365       467       168       242       274        81       255       485       260       354       356       201   1882100   1912100   1919300   1914500   1918200     80000     20000     17000     10000     90000         0       242       960      L151 1715 St Gall  Wilter         
       260       866        10       292     20450     79530     91200     20700       976       958       978       970     14700        20      1980     83200       435       290       357       420       701       174       126        38       719       142       139        13        34        54       744        98       158        27        29       118   1878000   1921000   1922900   1883900   1935000     53000     46000      9000         0      5000     95000       208       876      L011 1801 Grisons  Albula         
       318       821         8       382     20870     79080     84300     24000       884       894       923       903      1630       150     96570      1490       502       422       662       487       678       176       146        24       699       156       145        24        37        55       721       135       144        49        50        93   1904600   1940000   1930100   1917800   1940000     50000     50000      4000         0     28000     72000       166       863      L021 1802 Grisons  Bernina        
       296       821        20       344     30330     69670     88000     26700       962       963       961       962     25830       160       460     73540       359       426       652       385       758       144        98        24       727       155       119        28        42        55       678       171       151        71        71       116   1890600   1923300   1920400   1925200   1940000     42000     58000      4000         0     37000     63000       186       905      L031 1803 Grisons  Glenner        
       258       707        23       344     72850     27120     86400     21900       952       937       931       938     58020        50      1170     40770       381       416       586       403       659       204       137        51       635       209       156        58        74        57       600       215       185       108       108       108   1882700   1920200   1916400   1891400   1911400     55000     46000     14000         0     69000     31000       183       917      L041 1804 Grisons  Heizenberg     
       294       644         4       453     93370      6520     72800     22000       944       957       979       962     50040         0      1590     48370       401       348       235       382       659       150       191        26       680       142       178         5        21        61       713       129       158        13        13        99   1897900   1935000   1918600   1901800   1894100     61000     39000      5000         0     32000     68000       144       926      L051 1805 Grisons  Hinterrheim    
       334       849        14       382     48020     51980     88700     26700       929       909       920       917     29990        80       420     69520       401       267       363       384       604       302        94        44       622       254       124        19        43        40       651       177       173        38        41        90   1909900   1923400   1921400   1883000   1923100     54000     46000      3000         0     85000     15000       163       897      L061 1806 Grisons  Imboden        
       275       656        13       408     79860     20120     83000     22600       771       855       848       835     14720        60      2680     82530       486       230       226       460       699       190       110        43       735       133       132        10        30        70       776        67       157        13        15       130   1885700   1924200   1922900   1906400   1905600     71000     29000     21000         0         0    100000       192       784      L071 1807 Grisons  Inn            
       296       637        16       451     86170     13480     77400     18900       944       933       925       933     89530       420      4780      3780       343       211       202       348       712       186       102        33       706       154       140         7        27        74       696        93       211        16        16       176   1908600   1930000   1920000   1893700   1890600     74000     26000     14000         0     36000     64000       141       975      L081 1808 Grisons  Landquart,Ob   
       300       630        18       461     73130     26840     77400     15700       934       945       939       940     93650       220      4770      1260       365       310       488       375       716       188        96        30       705       170       125        22        37        48       687       141       172        47        48       111   1902700   1926700   1922300   1916100   1909700     59000     41000     15000         0     97000      3000       167       959      L091 1809 Grisons  Landquart,Un   
       219       614         6       351     81940     17840     83700     29400       922       939       928       931     22190       290     33960     43200       426       263       378       402       477       278       245        37       497       226       278        13        35       142       526       148       327        32        33       282   1901500   1935000   1924700   1912400   1897600     81000     19000     27000         0      9000     91000       142       856      L101 1810 Grisons  Maloja         
       281       726        23       367       410     99520     85200     29400       939       931       976       947      1180       130     98030       660       613       176        68       540       596       230       174        24       710       128       162         1        12        54       807        42       151         0         1        88   1884300   1925900   1927900   1915400   1922800     80000     20000    999999     47000     42000     11000       215       803      L111 1811 Grisons  Moesa          
       249       656         7       373     48860     51140     86200     20800       846       908       954       918     19930        70      1810     78190       337       358       567       383       720       170       110        28       670       164       166        31        40        84       590       153       257        59        59       188   1874700   1930000   1930000   1897000   1895500     56000     44000         0         0         0    100000       194       864      L121 1812 Grisons  Muensterthal   
       258       623        33       381     73750     26150     82100     25600       962       953       924       944     86850       330      2190     10510       393       281       280       371       366       349       285        80       379       306       315        34        69       122       402       232       366        52        52       281   1881600   1919500   1919500   1904500   1881800     83000     17000     45000         0     76000     24000       200       955      L131 1813 Grisons  Plessur        
       295       921        10       312       170     99830     92300     27000       989       958       984       975      1500        90       330     98070       366       327       555       380       670       220       110        36       655       203       142        27        49        70       632       175       194        67        72       161   1877100   1927100   1925900   1937000   1946000     39000     61000      9000         0     17000     83000       193       946      L141 1814 Grisons  Vorderrhein    
       320       797        25       382     91980      7570     84200     25000       932       967       960       956     99320       460       120        30       274       331       430       342       382       436       183       184       346       428       226       159       213        95       277       414       309       265       267       241   1875700   1911100   1914800   1893800   1907800     71000     29000     31000    100000         0         0       223       908      L011 1901 Argovie  Aarau          
       335       824        30       384     20470     78360     85900     23700       963       979       969       972     99670       160        90        20       323       398       497       380       483       401       116       184       443       413       144       199       227        60       377       433       190       296       298       133   1874900   1901900   1921000   1884500   1912300     64000     35000     16000     94000      6000         0       324       961      L021 1902 Argovie  Baden          
       288       797        28       339      4770     94670     90200     28400       980       975       971       974     99780       100        90        10       258       517       468       403       550       351        99        92       442       434       124        81       104        54       283       556       161       120       120       117   1874300   1897500   1919600   1882800   1916200     73000     27000     16000     89000     11000         0       315       871      L031 1903 Argovie  Bremgarten     
       311       723        28       407     94680      5010     87100     16900       955       969       976       969     99420       440        50        30       407       277       384       383       606       304        90       107       630       260       110        84       107        42       670       188       142       107       108        96   1876200   1911400   1915800   1885100   1907800     80000     20000     13000     97000      3000         0       229      1013      L041 1904 Argovie  Brugg          
       360       848        54       385     97610      2020     85700     24500       902       935       955       936     99850       130        20        10       278       414       463       377       385       511       104       256       332       544       125       265       297        50       244       597       159       361       364       109   1875300   1905300   1913900   1883900   1909800     52000     47000     11000     26000     74000         0       239       927      L051 1905 Argovie  Kulm           
       351       799        25       421      2970     96820     86400     23600       978       985       979       981     99830        90        40        10       436       318       468       407       622       293        84       111       654       255        91        93       123        30       699       199       102       141       142        62   1874700   1900900   1919800   1879100   1923700     69000     32000      9000    100000         0         0       297       948      L061 1906 Argovie  Laufenburg     
       296       757        24       370     96220      3160     86900     27900       925       939       953       941     99730       200        50        10       289       408       469       366       426       432       141       185       380       463       158       175       221        64       299       515       186       277       283       140   1876300   1905700   1911500   1903800   1909700     66000     34000     17000     90000     10000         0       232       902      L071 1907 Argovie  Lenzburg       
       289       868        32       308      2390     97540     92800     31400       965       974       964       968     99870        50        60        10       277       512       540       404       660       265        75        54       544       324       132        47        70        78       372       411       217        93        93       177   1874800   1904300   1923500   1882300   1940000     56000     44000     14000     83000     17000         0       292       925      L081 1908 Argovie  Muri           
       292       714        22       390     10780     88470     85100     32900       966       970       961       965     99560       230       150        50       314       347       535       357       592       294       114        78       555       290       155        86       107        70       488       282       230       159       161       172   1877300   1904100   1917800   1902500   1907100     75000     25000     12000    100000         0         0       281       965      L091 1909 Argovie  Rheinfelden    
       351       814        37       403     96800      2880     82000     19900       875       931       961       927     99370       470       110        10       270       347       414       348       369       512       119       291       330       512       158       271       324        76       256       511       233       381       385       186   1876700   1910300   1915700   1903600   1913900     78000     22000     16000     88000     12000         0       219       921      L101 1910 Argovie  Zofingen       
       363       906        31       379     16090     80080     86800     21900       972       976       970       973     99760        70       170         0       307       238       336       305       544       285       172        68       546       260       194        42        71        64       551       203       246        78        78       180   1875100   1911800   1921000   1877700   1919600     75000     25000     16000     98000      2000         0       280       936      L111 1911 Argovie  Zurzach        
       368       764        24       465     73950     25890     83400     11700       976       984       983       982     99360       210       280        70       249       217       274       259       324       482       194       196       320       456       224       151       200        78       307       382       311       208       212       233   1874000   1900400   1923400   1879100   1892800     84000     16000     16000    100000         0         0       338      1098      L012 2001 Thurgove Arbon          
       338       783        17       420     76510     23150     83100     13300       962       970       979       971     99280       240       350        90       259       315       363       325       409       475       116       219       373       468       159       185       232        77       297       455       248       257       260       199   1877100   1911200   1919100   1880600   1900300     86000     14000     15000     49000     51000         0       259       978      L022 2002 Thurgove Bischofszell   
       333       784        34       398     73070     25810     89300      7700      1000       982       988       988     99650       290         0        30       367       194       136       351       489       395       116       124       501       318       181        24        93        85       524       176       300        14        36       222   1873900   1895700   1920300   1877200   1886900     89000     11000     14000    100000         0         0       299       969      L032 2003 Thurgove Diessenhofen   
       305       693        21       422     74200     25540     86700     13900       941       970       973       965     99400       120       320       110       394       272       345       369       436       445       119       173       455       386       160       116       167        64       486       285       230       154       156       152   1875200   1915500   1921800   1879500   1882800     91000      9000     25000     75000     25000         0       249       983      L042 2004 Thurgove Frauenfeld     
       338       740        32       432     74940     24680     82100     16300       964       959       975       966     99310       250       160         0       306       234       283       317       443       416       141       128       436       371       194        76       122        83       420       273       307       102       109       216   1875300   1908100   1924000   1879000   1887000     86000     13000     23000     78000     22000         0       297       995      L052 2005 Thurgove Kreuzlingen    
       332       824        16       391     46270     53720     90400     10700       967       967       980       972     99350       150       440        50       297       459       572       382       538       381        81       202       473       435        92       267       292        38       368       523       109       436       438        83   1874500   1908200   1922100   1880300   1918800     82000     18000     10000     13000     87000         0       287       947      L062 2006 Thurgove Muenchwilen    
       349       760        27       439     65700     34250     82300     16700       970       973       984       977     99670       170       100        50       315       167       134       306       525       381        94        91       532       317       151        37        73        79       548       172       280        32        32       227   1876400   1904200   1913800   1884300   1902600     86000     13000      9000     70000     30000         0       256      1009      L072 2007 Thurgove Steckborn      
       334       680        23       474     83610     16190     85200      9700       963       981       986       980     99600       130       200        40       249       250       311       289       492       418        91       198       466       397       138       163       204        69       402       344       254       219       220       203   1874600   1906900   1920300   1884200   1886700     85000     15000     16000     64000     36000         0       278       967      L082 2008 Thurgove Weinfelden     
       273       661         6       408      1880     97770     79900     21600       918       912       929       919      3500       170     96170       100       446       415       527       433       662       176       162        34       678       170       152        26        41        48       698       163       139        50        50        88   1910900   1940000   1929500   1913600   1913200     45000     56000     10000     88000     12000         0       152       871      L012 2101 Ticino   Bellinzona     
       246       749         2       327        60     99860     79000     32700       898       866       877       878       110       100     99690       100       590       168       282       569       823        93        84        16       865        48        87         2        10        42       897        14        89         4         5        69   1906600   1927000   1922900   1899500   1917700     62000     38000     25000     34000     63000      3000       101       657      L022 2102 Ticino   Bienio         
       247       723         1       340       760     99040     82400     32200       896       900       917       906      1690       210     97980        90       498       234       154       452       687       164       149        24       749       117       134         2        15        30       824        61       116         5         5        56   1898300   1930000   1930000   1913900   1917500     66000     35000     22000     16000     31000     53000       180       798      L032 2103 Ticino   Leventina      
       236       637         6       365       360     99450     81100     22600       899       881       877       883       580       110     99240        30       602       411       484       516       455       372       172        41       554       306       140        25        38        39       647       244       109        36        36        63   1901000   1940000   1940000   1913500   1910400     61000     39000     10000     72000     25000      3000       132       736      L042 2104 Ticino   Locarno        
       281       704         5       395       750     98720     81600     23700       931       920       907       918      1050       290     98480        60       695       269       700       495       286       558       156        40       474       385       141        53        66        45       666       210       125        94        94        74   1911000   1935000   1935000   1904100   1907800     62000     37000     18000     67000     30000      3000       151       787      L052 2105 Ticino   Lugano         
       324       706         3       458       590     99230     77900     15600       924       910       921       918       780       100     98960        20       553       314       737       440       378       480       142        50       473       393       135        86       107        32       594       281       125       172       178        65   1907000   1935000   1935000   1904000   1906900     49000     51000     11000     82000     18000         0       181       874      L062 2106 Ticino   Mendrisio      
       225       595        11       368      3500     95340     80900     21100       816       804       875       832      2670       420     96800        80       514       289       459       478       769        96       135        17       827        70       103         8        16        17       889        43        69        16        16        29   1895400   1928500   1930000   1908000   1917000     42000     58000     18000    100000         0         0       107       780      L072 2107 Ticino   Riviera        
       197       728         6       264        20     99770     89900     34200       837       842       784       818      4960        50     94980         0       751        37       283       591       445       454       101        21       730       193        77         4        12        30       928        12        60         6         6        49   1898900   1932000   1929100   1916000   1935000     66000     35000     17000     67000     19000     14000       136       604      L082 2108 Ticino   Vallemaggia    
       319       574        35       526     91320      8520     69200      9800       961       964       958       961      8690     89630      1430         0       342       266       289       343       621       242       137        41       620       217       163        16        38        69       618       168       213        31        32       155   1889600   1926000   1922600   1910800   1903000     77000     23000     14000     80000      1000     19000       181       999      L012 2201 Vaud     Aigle          
       454       828        29       532     97480      2270     72300      8200       958       967       970       965      5170     94540       250        10       221       275       110       271       722       188        89        47       676       190       135        13        39        54       551       193       257        11        16       172   1881300   1914900   1919000   1879400   1906800     76000     24000     12000      4000     96000         0       227      1052      L022 2202 Vaud     Aubonne        
       304       665        33       429     92740      4430     83600     17600       880       933       963       930     22110     76550       640         0       232       226        46       284       589       246       166        58       549       227       223        11        44       108       450       181       368         6         7       280   1890000   1914200   1918300   1907300   1907200     64000     35000      7000     66000     34000         0       244      1039      L032 2203 Vaud     Avenches       
       327       611        30       511     96860      2820     72900     10200       898       940       964       938      4810     94350       740         0       223       201        63       250       719       195        87        59       694       183       123        16        47        47       620       147       234        10        12       150   1884700   1918400   1920100   1903400   1892300     79000     21000      4000     18000     82000         0       213      1081      L042 2204 Vaud     Cossonay       
       332       650        28       489     75610     24200     71600     14400       860       945       963       931      3300     95730       900         0       271       250       178       293       757       168        75        52       733       159       108        17        45        44       677       135       188        20        27       131   1884100   1919700   1926500   1914400   1912400     76000     24000      4000         0    100000         0       243      1060      L052 2205 Vaud     Echallens      
       392       723        35       519     96550      3300     71200     12400       935       952       971       952      5970     93170       770        10       261       388       346       345       395       510        95       273       350       546       104         8       273        29       265       614       120         8       275        66   1878700   1911600   1922000   1897400   1903000     74000     26000      7000     30000     20000     50000       252      1019      L062 2206 Vaud     Grandson       
       258       614        44       377     87050     12110     82000     18200       923       936       946       936     15000     80150      2250        50       296       333        97       373       294       375       331        59       262       353       385         8        41       164       209       315       476         7        11       352   1881900   1913600   1920400   1889600   1874400     86000     13000     34000     11000     89000         0       238       931      L072 2207 Vaud     Lausanne       
       367       657        12       550     97630      2150     63700     11000       979       974       987       979      2440     97210       240         0       112       288       296       267       148       693       158       539       122       714       164        15       562        54        51       768       180        43       622       119   1884900   1921400   1920000   1880400   1879000     86000     14000      7000         0         0    100000       191      1080      L082 2208 Vaud     La Vallee      
       337       630        27       514     97010      2840     70800     14800       934       968       975       960      4530     94280       930        30       349       286       115       374       762       167        71        28       733       146       121         6        20        61       684       112       204         5         6       151   1889000   1915500   1920900   1903400   1899200     81000     19000     16000     56000     44000         0       218      1011      L092 2209 Vaud     Lavaux         
       261       547        17       461     94320      5230     78700     12100       938       960       968       958      7270     91570       710        40       145       273        73       255       640       225       135        54       558       230       212        10        43        93       317       246       437         9        12       307   1877800   1915500   1921000   1908900   1902000     82000     18000     10000     78000     22000         0       234      1035      L102 2210 Vaud     Morges         
       377       723        66       473     94940      4520     74500     16000       763       931       956       894      6920     91750      1150        10       271       227       130       301       645       265        90        86       618       240       142        23        69        57       556       181       263         8        30       174   1881400   1915700   1926200   1887800   1905100     81000     19000     10000         0    100000         0       266      1048      L112 2211 Vaud     Moudon         
       287       563        23       488     84450     15140     75100     14600       942       952       954       950      7730     90530      1310        10       166       275        77       266       608       234       158        47       535       237       228         8        38       106       333       245       422         5        11       322   1888900   1921800   1919400   1902200   1860000     75000     25000      7000     69000     28000      3000       184      1014      L122 2212 Vaud     Nyone          
       341       571        32       573     95560      4200     65300      8400       920       969       971       957      4980     93780      1120         0       238       198       135       248       598       291       111       113       591       273       136        16        99        32       568       218       214        15        54       106   1877100   1923700   1924400   1909500   1860000     85000     15000      4000     19000     81000         0       205      1077      L132 2213 Vaud     Orbe           
       412       703        68       542     97480      2400     68200      8800       800       920       951       891      3330     96320       350         0       247       194        82       272       734       202        64        59       710       183       107        18        47        55       646       131       223        14        14       187   1883600   1915500   1921100   1904700   1906300     76000     24000      6000         0    100000         0       242      1080      L142 2214 Vaud     Oron           
       353       685        57       471     94480      5230     75200     19400       840       926       960       916      9420     89730       800        20       280       239       105       301       619       274       106        75       601       252       147        22        58        77       558       200       242        18        20       178   1884400   1918800   1925100   1908900   1910500     71000     30000      6000     70000     30000         0       272      1020      L152 2215 Vaud     Payerne        
       344       646        31       510     97330      2560     69600     16500       969       973       946       963      9800     89850        90         0       174       315       506       270       669       232        99        33       592       247       161        28        49        77       382       288       330        92        92       236   1885900   1916400   1916900   1910800   1908400     72000     27000      7000         0     75000     25000       203      1005      L162 2216 Vaud     Paysd'enhaut   
       317       610        25       499     91930      7720     75400     17800       906       940       982       945      8670     90170       830        20       187       296        31       277       661       205       134        33       588       210       202         6        24        92       396       225       379         3         3       270   1876200   1906100   1911900   1904400   1894500     79000     21000      6000     83000     17000         0       229      1011      L172 2217 Vaud     Rolle          
       236       582        25       380     80830     18460     82700     22900       887       904       922       905     18910     75390      3390        40       256       306        35       362       419       325       256        42       359       299       342         3        28       152       254       253       493         2         3       359   1890000   1917200   1920900   1902400   1860000     82000     18000     18000     86000     14000         0       225       881      L182 2218 Vaud     Vevey          
       345       681        42       475     93480      6100     78800     14000       891       937       937       925      9330     89560      1010        20       256       246       109       294       557       300       143       107       529       281       190        16        85        86       461       235       304         6        32       239   1892600   1917500   1922500   1902600   1903300     81000     38000     10000     56000     44000         0       230      1035      L192 2219 Vaud     Yverdon        
       323       808        19       385       770     99230     85900     27700       991       990       971       983     96300      1850      1780        50       349       115       102       344       679       148       172        38       684       110       206         3        28        96       694        37       269         5         8       226   1885600   1927100   1928800   1922300   1940000     35000     65000      8000         0     77000     23000       208      1014      L012 2301 Valais   Brig           
       345       713        16       472       290     99710     73900     22100       915       958       978       952       380     99060       550         0       315        94        78       313       882        89        30        24       884        67        48         4        18        24       890        20        89         4         4        68   1902600   1932000   1925900   1920700   1929000     19000     81000      6000     22000     51000     27000       156      1081      L022 2302 Valais   Conthey        
       306       781        21       375        80     99680     83700     20600       971       993       997       989        30     99710       260         0       369       126       174       359       874        87        39        20       888        64        49         5        16        20       911        22        66         8         8        49   1894400   1932000   1930000   1886000   1923600     48000     51000         0         0     84000     16000       151      1018      L032 2303 Valais   Entremont      
       305       924         9       323        20     99980     88800     31100      1000      1000      1000      1000     99360       120       520         0       386       101        25       381       810       100        90        31       818        69       113         0        20        59       831        18       151         1         1       130   1904100   1935000   1935000   1935000   1946000     19000     81000         0         0         0    100000       178      1014      L042 2304 Valais   Goms           
       266       670         8       390         0    100000     82500     31900       993       992       978       987        60     99800       140         0       338       100       227       352       955        32        13         9       935        23        42         2         7        33       898         6        96         5         5        91   1894800   1935000   1935000   1935000   1940000     22000     78000      1000         0     26000     74000       120       987      L052 2305 Valais   Herens         
       371       932        29       379       450     99520     81900     24600       984       986       976       982     97810      1540       650         0       381       114       121       369       763       136       101        32       778        97       126         6        23        64       803        30       167         7         7       147   1881800   1930000   1935000   1907900   1940000     21000     79000      2000         0     48000     52000       216      1021      L062 2306 Valais   Leuk           
       340       690        33       467       900     98960     74200     19000       972       972       976       973       720     98270      1010         0       298       160        39       307       776       126        98        28       766       104       130         2        20        60       743        54       203         3         3       149   1896900   1928500   1927400   1914900   1917000     43000     57000      4000     59000     33000      8000       167      1034      L072 2307 Valais   Martigwy       
       384       882        34       413      1770     98220     79000     25300       981       974       947       967      2700     95320      1970         0       300       137        86       299       677       215       108        31       678       175       147         6        24        62       681        80       239         5         7       168   1901500   1929400   1929700   1901200   1917900     21000     79000      1000     70000     24000      6000       188      1019      L082 2308 Valais   Monthey        
       344       891        12       378        70     99930     82100     16800      1000       995      1000       998     99640       250       100         0       378       200       304       419       908        54        38        11       849        39       112         3         9        86       767        19       214         6         6       200   1911300   1935000   1935000   1935000   1946000     20000     80000      1000         0     31000     69000       124       987      L092 2309 Valais   Raron          
       339       702        36       456       860     99060     70000     26700       980       972       958       970      1170     98370       430         0       306       184        45       318       788       110       102        19       775        92       133         2        13        50       747        53       200         1         2       125   1899500   1925900   1922800   1912600   1916300     29000     71000      6000     55000     37000      8000       158      1058      L102 2310 Valais   St Maurice     
       355       829        15       418       520     99460     79200     24400       996       995       985       992     10270     88850       790         0       298       108       189       313       821       110        69        21       803        85       112         5        18        68       766        29       205        11        11       190   1882700   1932000   1930000   1918000   1929500     22000     78000      6000         0     51000     49000       190      1035      L112 2311 Valais   Sierre         
       308       734        23       401      3150     96830     79200     28900       950       941       967       951     23130     74980      1800         0       321       179        86       330       579       217       204        33       571       177       252         3        24       124       555        96       349         6         6       304   1902100   1929600   1928000   1919700   1927200     41000     59000     22000         0     93000      7000       189       992      L122 2312 Valais   Sion           
       312       894        11       342       170     99810     86800     21800       993      1000       996       997     99160       370       460        10       342       132       220       381       824       105        71        23       775        75       150         5        18       106       696        26       278        11        11       261   1878500   1932000   1930000   1913000   1940000     13000     87000      3000         0     25000     75000       208       994      L132 2313 Valais   Visp           
       307       691        27       422     93950      5620     81400     18000       929       957       936       943     17100     81140      1360        20       204       280       248       313       476       361       163       169       410       344       245         9       155       105       267       308       426        15       123       274   1884800   1915300   1919200   1900100   1902000     69000     31000     11000     67000     33000         0       231       947      L012 2401 Neuchatl Boudry         
       331       692        45       443     83500     13790     76500     18700       972       971       951       965     25720     72500      1690        20       153       353       366       373        91       665       244       512        67       645       288         1       506       152        28       610       362         0       496       294   1885500   1918500   1923200   1891400   1893700     68000     32000     19000         0     88000     12000       232       921      L022 2402 Neuchatl La Chauxdfnd   
       355       758        16       456     88370     11220     77300     13400       978       977       962       973     13800     85430       600         0       302       359       352       368       187       635       179       505       169       626       205         2       492        91       139       610       251         2       471       178   1879000   1919800   1927400   1894900   1903000     65000     35000     14000         0     71000     29000       236       929      L032 2403 Neuchatl Le Locle       
       263       681        21       367     82110     16920     83500     19200       954       937       936       940     28180     69600      1420        30       288       279       276       359       285       425       291       140       256       377       367         3       123       150       205       293       502         4        95       352   1884700   1908700   1925200   1895800   1899000     75000     24000     22000     93000      7000         0       262       906      L042 2404 Neuchatl Neuchatel      
       398       784        25       492     94610      4970     72100     18900       966       955       943       955     23530     75350      1110         0       202       353       388       326       390       488       122       333       330       508       162         8       367        67       205       550       245        11       437       162   1876700   1902300   1911500   1896200   1905100     61000     39000      7000         0    100000         0       273       971      L052 2405 Neuchatl Val de Ruz     
       363       733        21       480     90920      8650     73200     15500       943       934       926       935     11400     86630      1810        20       265       338       323       340       235       604       161       430       211       602       187         6       419        68       164       598       238        12       397       146   1879800   1919400   1924100   1891300   1902000     72000     28000      8000         0     93000      7000       239       960      L062 2406 Neuchatl ValdeTravers   
       192       406        49       401     54930     42340     79100     22500       943       950       953       948     15610     80080      2790       120       260       356       337       385        62       518       421       152        51       495       454         3       141       143        35       458       508         5       123       308   1881500   1916300   1919000   1840000   1840000     85000     15000     37000    100000         0         0       213       842      L012 2501 Geneve   V. De Geneve   
       211       457        10       449     48360     50430     79800     16200       879       930       957       929      7850     88560      2240        60        87       322       149       278       581       218       201        71       460       232       308         3        61       156       145       269       586         2        33       461   1879400   1910000   1919000   1840000   1840000     81000     19000     28000    100000         0         0       228       996      L022 2502 Geneve   Rive Droite    
       221       479        34       420     40050     58330     80200     19500       930       948       955       946      7840     88760      2070        70       216       346       125       344       388       336       276       100       324       338       338         4        75       122       204       340       457         2        27       306   1882800   1912000   1919000   1840000   1840000     76000     24000     31000    100000         0         0       224       879      L032 2503 Geneve   Rive Gauche    
